0.0000000000000000 0.0000000000000000 10.0000000000000000 Al
1.4134249999999999 1.4134249999999999 11.4134250000000002 As
0.0000000000000000 0.0000000000000000 15.6537000000000006 Al
1.4134249999999999 1.4134249999999999 17.0671250000000008 As
0.0000000000000000 0.0000000000000000 21.3074000000000012 Al
1.4134249999999999 1.4134249999999999 22.7208250000000014 As
0.0000000000000000 0.0000000000000000 26.9610999999999983 Al
1.4134249999999999 1.4134249999999999 28.3745249999999984 As
0.0000000000000000 0.0000000000000000 32.6148000000000025 Al
1.4134249999999999 1.4134249999999999 34.0282249999999991 As
0.0000000000000000 0.0000000000000000 38.2685000000000031 Al
1.4134249999999999 1.4134249999999999 39.6819249999999997 As
0.0000000000000000 0.0000000000000000 43.9221999999999966 Ga
1.4134249999999999 1.4134249999999999 45.3356250000000003 As
0.0000000000000000 0.0000000000000000 49.5758999999999972 Ga
1.4134249999999999 1.4134249999999999 50.9893250000000009 As
0.0000000000000000 0.0000000000000000 55.2295999999999978 Ga
1.4134249999999999 1.4134249999999999 56.6430250000000015 As
0.0000000000000000 0.0000000000000000 60.8832999999999984 Ga
1.4134249999999999 1.4134249999999999 62.2967250000000021 As
0.0000000000000000 0.0000000000000000 66.5370000000000061 Al
1.4134249999999999 1.4134249999999999 67.9504249999999956 As
0.0000000000000000 0.0000000000000000 72.1907000000000068 Al
1.4134249999999999 1.4134249999999999 73.6041249999999962 As
0.0000000000000000 0.0000000000000000 77.8443999999999932 Al
1.4134249999999999 1.4134249999999999 79.2578249999999969 As
0.0000000000000000 0.0000000000000000 83.4980999999999938 Al
1.4134249999999999 1.4134249999999999 84.9115249999999975 As
0.0000000000000000 0.0000000000000000 89.1517999999999944 Al
1.4134249999999999 1.4134249999999999 90.5652249999999981 As
0.0000000000000000 0.0000000000000000 94.8054999999999950 Al
1.4134249999999999 1.4134249999999999 96.2189249999999987 As
0.0000000000000000 5.6536999999999997 10.0000000000000000 Al
1.4134249999999999 7.0671249999999999 11.4134250000000002 As
0.0000000000000000 5.6536999999999997 15.6537000000000006 Al
1.4134249999999999 7.0671249999999999 17.0671250000000008 As
0.0000000000000000 5.6536999999999997 21.3074000000000012 Al
1.4134249999999999 7.0671249999999999 22.7208250000000014 As
0.0000000000000000 5.6536999999999997 26.9610999999999983 Al
1.4134249999999999 7.0671249999999999 28.3745249999999984 As
0.0000000000000000 5.6536999999999997 32.6148000000000025 Al
1.4134249999999999 7.0671249999999999 34.0282249999999991 As
0.0000000000000000 5.6536999999999997 38.2685000000000031 Al
1.4134249999999999 7.0671249999999999 39.6819249999999997 As
0.0000000000000000 5.6536999999999997 43.9221999999999966 Ga
1.4134249999999999 7.0671249999999999 45.3356250000000003 As
0.0000000000000000 5.6536999999999997 49.5758999999999972 Ga
1.4134249999999999 7.0671249999999999 50.9893250000000009 As
0.0000000000000000 5.6536999999999997 55.2295999999999978 Ga
1.4134249999999999 7.0671249999999999 56.6430250000000015 As
0.0000000000000000 5.6536999999999997 60.8832999999999984 Ga
1.4134249999999999 7.0671249999999999 62.2967250000000021 As
0.0000000000000000 5.6536999999999997 66.5370000000000061 Al
1.4134249999999999 7.0671249999999999 67.9504249999999956 As
0.0000000000000000 5.6536999999999997 72.1907000000000068 Al
1.4134249999999999 7.0671249999999999 73.6041249999999962 As
0.0000000000000000 5.6536999999999997 77.8443999999999932 Al
1.4134249999999999 7.0671249999999999 79.2578249999999969 As
0.0000000000000000 5.6536999999999997 83.4980999999999938 Al
1.4134249999999999 7.0671249999999999 84.9115249999999975 As
0.0000000000000000 5.6536999999999997 89.1517999999999944 Al
1.4134249999999999 7.0671249999999999 90.5652249999999981 As
0.0000000000000000 5.6536999999999997 94.8054999999999950 Al
1.4134249999999999 7.0671249999999999 96.2189249999999987 As
5.6536999999999997 0.0000000000000000 10.0000000000000000 Al
7.0671249999999999 1.4134249999999999 11.4134250000000002 As
5.6536999999999997 0.0000000000000000 15.6537000000000006 Al
7.0671249999999999 1.4134249999999999 17.0671250000000008 As
5.6536999999999997 0.0000000000000000 21.3074000000000012 Al
7.0671249999999999 1.4134249999999999 22.7208250000000014 As
5.6536999999999997 0.0000000000000000 26.9610999999999983 Al
7.0671249999999999 1.4134249999999999 28.3745249999999984 As
5.6536999999999997 0.0000000000000000 32.6148000000000025 Al
7.0671249999999999 1.4134249999999999 34.0282249999999991 As
5.6536999999999997 0.0000000000000000 38.2685000000000031 Al
7.0671249999999999 1.4134249999999999 39.6819249999999997 As
5.6536999999999997 0.0000000000000000 43.9221999999999966 Ga
7.0671249999999999 1.4134249999999999 45.3356250000000003 As
5.6536999999999997 0.0000000000000000 49.5758999999999972 Ga
7.0671249999999999 1.4134249999999999 50.9893250000000009 As
5.6536999999999997 0.0000000000000000 55.2295999999999978 Ga
7.0671249999999999 1.4134249999999999 56.6430250000000015 As
5.6536999999999997 0.0000000000000000 60.8832999999999984 Ga
7.0671249999999999 1.4134249999999999 62.2967250000000021 As
5.6536999999999997 0.0000000000000000 66.5370000000000061 Al
7.0671249999999999 1.4134249999999999 67.9504249999999956 As
5.6536999999999997 0.0000000000000000 72.1907000000000068 Al
7.0671249999999999 1.4134249999999999 73.6041249999999962 As
5.6536999999999997 0.0000000000000000 77.8443999999999932 Al
7.0671249999999999 1.4134249999999999 79.2578249999999969 As
5.6536999999999997 0.0000000000000000 83.4980999999999938 Al
7.0671249999999999 1.4134249999999999 84.9115249999999975 As
5.6536999999999997 0.0000000000000000 89.1517999999999944 Al
7.0671249999999999 1.4134249999999999 90.5652249999999981 As
5.6536999999999997 0.0000000000000000 94.8054999999999950 Al
7.0671249999999999 1.4134249999999999 96.2189249999999987 As
5.6536999999999997 5.6536999999999997 10.0000000000000000 Al
7.0671249999999999 7.0671249999999999 11.4134250000000002 As
5.6536999999999997 5.6536999999999997 15.6537000000000006 Al
7.0671249999999999 7.0671249999999999 17.0671250000000008 As
5.6536999999999997 5.6536999999999997 21.3074000000000012 Al
7.0671249999999999 7.0671249999999999 22.7208250000000014 As
5.6536999999999997 5.6536999999999997 26.9610999999999983 Al
7.0671249999999999 7.0671249999999999 28.3745249999999984 As
5.6536999999999997 5.6536999999999997 32.6148000000000025 Al
7.0671249999999999 7.0671249999999999 34.0282249999999991 As
5.6536999999999997 5.6536999999999997 38.2685000000000031 Al
7.0671249999999999 7.0671249999999999 39.6819249999999997 As
5.6536999999999997 5.6536999999999997 43.9221999999999966 Ga
7.0671249999999999 7.0671249999999999 45.3356250000000003 As
5.6536999999999997 5.6536999999999997 49.5758999999999972 Ga
7.0671249999999999 7.0671249999999999 50.9893250000000009 As
5.6536999999999997 5.6536999999999997 55.2295999999999978 Ga
7.0671249999999999 7.0671249999999999 56.6430250000000015 As
5.6536999999999997 5.6536999999999997 60.8832999999999984 Ga
7.0671249999999999 7.0671249999999999 62.2967250000000021 As
5.6536999999999997 5.6536999999999997 66.5370000000000061 Al
7.0671249999999999 7.0671249999999999 67.9504249999999956 As
5.6536999999999997 5.6536999999999997 72.1907000000000068 Al
7.0671249999999999 7.0671249999999999 73.6041249999999962 As
5.6536999999999997 5.6536999999999997 77.8443999999999932 Al
7.0671249999999999 7.0671249999999999 79.2578249999999969 As
5.6536999999999997 5.6536999999999997 83.4980999999999938 Al
7.0671249999999999 7.0671249999999999 84.9115249999999975 As
5.6536999999999997 5.6536999999999997 89.1517999999999944 Al
7.0671249999999999 7.0671249999999999 90.5652249999999981 As
5.6536999999999997 5.6536999999999997 94.8054999999999950 Al
7.0671249999999999 7.0671249999999999 96.2189249999999987 As
